2 0.159456 0.811278 0.318912 0.371318
2 0.850905 0.711430 0.202202 0.198405
2 0.338963 0.748499 0.085468 0.106860
2 0.586680 0.727456 0.061439 0.083873
2 0.736456 0.700538 0.079559 0.140007
2 0.439002 0.740823 0.118766 0.128570
2 0.644506 0.719767 0.024793 0.053185
2 0.690533 0.700010 0.057505 0.117073
2 0.548062 0.731314 0.021798 0.041768
2 0.505360 0.728916 0.040500 0.084316
2 0.524789 0.726971 0.022100 0.052423
2 0.626545 0.713899 0.026432 0.054895
2 0.382975 0.731505 0.036071 0.060590
2 0.989997 0.802395 0.017533 0.166743
