2 0.224308 0.760044 0.103047 0.091866
2 0.067103 0.777340 0.126211 0.102670
2 0.567227 0.719111 0.078189 0.101910
2 0.494296 0.716095 0.040516 0.049555
2 0.763171 0.677231 0.124173 0.091833
2 0.341770 0.732916 0.053376 0.055814
2 0.389194 0.721774 0.035472 0.040544
2 0.417600 0.713492 0.029754 0.042902
2 0.279502 0.743838 0.039637 0.056844
2 0.304451 0.731408 0.028602 0.042691
2 0.451087 0.700480 0.018783 0.026161
2 0.431430 0.710199 0.019038 0.032714
2 0.468944 0.693972 0.021819 0.026710
2 0.523965 0.697174 0.023835 0.029925
4 0.934074 0.639921 0.052566 0.164803
