2 0.238834 0.690915 0.135386 0.141744
2 0.362549 0.678556 0.073765 0.079385
2 0.904357 0.674171 0.125785 0.602940
2 0.427766 0.673230 0.040971 0.051188
2 0.629633 0.668244 0.059410 0.081313
2 0.569802 0.662793 0.018969 0.033698
2 0.474710 0.665813 0.022626 0.030526
2 0.587472 0.665857 0.018136 0.032092
2 0.526159 0.656511 0.018028 0.024545
2 0.549486 0.656280 0.012924 0.022641
3 0.739616 0.708541 0.030870 0.057173
4 0.061745 0.676018 0.019357 0.107088
4 0.023183 0.680485 0.028077 0.124081
4 0.736719 0.650926 0.023438 0.064815
4 0.753385 0.655093 0.020313 0.047222
